888           0000000
666.          1111  1555
292.          2222  5 77
191.          6666  1192   33333.         0124679
920.          2222222.    5.    5.       0.      9
859                        88888.        0.      9.   0.             ppppp.    9    9
1028291281                     8.        0.      9.               000.   666.  8  9
29292829120                44666          0000000.     9          7777777777   88
                                                       7.          6           9
                                                       8.            777666.   8
                                                       8
                                        n.             7
                                                      6
                                                     4
                                          0        4
                                            000000
use it on risk
only its sorce code
